"","apply"
"visa",0.2
"visas",0.19
"countries",0.18
"currency",0.18
"citizens",0.17
"passport",0.17
"embassy",0.16
"rules",0.16
"obtain",0.15
"sim",0.15
"cards",0.14
"foreign",0.14
"nationals",0.14
"permit",0.14
"tipping",0.14
"valid",0.14
"accept",0.13
"accepted",0.13
"illegal",0.13
"law",0.13
"legal",0.13
"prepaid",0.13
"require",0.13
"required",0.13
"respect",0.13
"rule",0.13
"avoid",0.12
"card",0.12
"common",0.12
"exchange",0.12
"fees",0.12
"generally",0.12
"insurance",0.12
"must",0.12
"notes",0.12
"official",0.12
"payment",0.12
"allowed",0.11
"applies",0.11
"coins",0.11
"consulate",0.11
"drivers",0.11
"embassies",0.11
"fares",0.11
"fee",0.11
"issued",0.11
"keep",0.11
"laws",0.11
"license",0.11
"money",0.11
"normally",0.11
"passports",0.11
"pay",0.11
"phones",0.11
"police",0.11
"political",0.11
"widely",0.11
"''''''",0.1
"advance",0.1
"airlines",0.1
"alcohol",0.1
"although",0.1
"atms",0.1
"bills",0.1
"cases",0.1
"charge",0.1
"credit",0.1
"customary",0.1
"dollars",0.1
"entry",0.1
"expected",0.1
"foreigners",0.1
"government",0.1
"gsm",0.1
"issue",0.1
"least",0.1
"legally",0.1
"likely",0.1
"may",0.1
"ministry",0.1
"mobile",0.1
"numbers",0.1
"obtained",0.1
"officers",0.1
"often",0.1
"paid",0.1
"proof",0.1
"rate",0.1
"regardless",0.1
"risk",0.1
"security",0.1
"seem",0.1
"skin",0.1
"strict",0.1
"tend",0.1
"tips",0.1
"widespread",0.1
"without",0.1
"acceptable",0.09
"always",0.09
"arrival",0.09
"ask",0.09
"aware",0.09
"bottled",0.09
"buying",0.09
"carrier",0.09
"carry",0.09
"case",0.09
"cash",0.09
"cause",0.09
"certain",0.09
"charged",0.09
"culture",0.09
"customs",0.09
"data",0.09
"debit",0.09
"depending",0.09
"drugs",0.09
"emergency",0.09
"equivalent",0.09
"especially",0.09
"even",0.09
"exception",0.09
"expensive",0.09
"fines",0.09
"higher",0.09
"language",0.09
"languages",0.09
"letter",0.09
"list",0.09
"medical",0.09
"minimum",0.09
"need",0.09
"network",0.09
"note",0.09
"offices",0.09
"paying",0.09
"policy",0.09
"possible",0.09
"problem",0.09
"problems",0.09
"rarely",0.09
"receive",0.09
"refuse",0.09
"regions",0.09
"religion",0.09
"serious",0.09
"similar",0.09
"someone",0.09
"standard",0.09
"subject",0.09
"tap",0.09
"using",0.09
"usually",0.09
"women",0.09
"work",0.09
"''''",0.08
"able",0.08
"accident",0.08
"airline",0.08
"allow",0.08
"applied",0.08
"areas",0.08
"asked",0.08
"asking",0.08
"baby",0.08
"based",0.08
"bilingual",0.08
"calls",0.08
"cheaper",0.08
"commission",0.08
"considered",0.08
"country's",0.08
"cover",0.08
"coverage",0.08
"crime",0.08
"despite",0.08
"discuss",0.08
"driver",0.08
"driver's",0.08
"employment",0.08
"english",0.08
"ethnic",0.08
"european",0.08
"exceptions",0.08
"expect",0.08
"extra",0.08
"extremely",0.08
"foreigner",0.08
"form",0.08
"given",0.08
"highly",0.08
"holders",0.08
"insist",0.08
"know",0.08
"largely",0.08
"longer",0.08
"machines",0.08
"means",0.08
"mind",0.08
"nations",0.08
"online",0.08
"operate",0.08
"passengers",0.08
"polite",0.08
"poor",0.08
"practice",0.08
"prices",0.08
"process",0.08
"purchase",0.08
"rather",0.08
"remember",0.08
"report",0.08
"reports",0.08
"republic",0.08
"roaming",0.08
"rude",0.08
"say",0.08
"sensitive",0.08
"sometimes",0.08
"students",0.08
"sure",0.08
"tax",0.08
"temporary",0.08
"traffic",0.08
"travel",0.08
"typically",0.08
"uncommon",0.08
"unless",0.08
"use",0.08
"wear",0.08
"whether",0.08
"whilst",0.08
"words",0.08
"adopted",0.07
"advisable",0.07
"airways",0.07
"anyone",0.07
"australia",0.07
"care",0.07
"cars",0.07
"charges",0.07
"companies",0.07
"compared",0.07
"consider",0.07
"crossings",0.07
"degree",0.07
"domestic",0.07
"dress",0.07
"entering",0.07
"eu",0.07
"far",0.07
"health",0.07
"hospitals",0.07
"idea",0.07
"introduced",0.07
"issues",0.07
"limited",0.07
"low",0.07
"networks",0.07
"never",0.07
"normal",0.07
"ones",0.07
"others",0.07
"permitted",0.07
"politics",0.07
"prohibited",0.07
"relatively",0.07
"requires",0.07
"respective",0.07
"result",0.07
"roads",0.07
"safety",0.07
"save",0.07
"simply",0.07
"speak",0.07
"spoken",0.07
"states",0.07
"talking",0.07
"therefore",0.07
"though",0.07
"travellers",0.07
"treated",0.07
"unheard",0.07
"unlike",0.07
"unlikely",0.07
"vary",0.07
"wearing",0.07
"written",0.07
